Area, 0.0, Accuracy, [0.5625     0.58333333 0.5        0.44680851]
Area, 1.0, Accuracy, [0.41666667 0.52083333 0.47916667 0.44680851]
Area, 2.0, Accuracy, [0.52083333 0.47916667 0.45833333 0.4893617 ]
Area, 3.0, Accuracy, [0.41666667 0.4375     0.45833333 0.4893617 ]
Area, 4.0, Accuracy, [0.58333333 0.39583333 0.54166667 0.59574468]
Area, 5.0, Accuracy, [0.5        0.54166667 0.58333333 0.57446809]
Area, 6.0, Accuracy, [0.4375     0.54166667 0.47916667 0.55319149]
Area, 7.0, Accuracy, [0.54166667 0.5625     0.45833333 0.5106383 ]
Area, 8.0, Accuracy, [0.5        0.5625     0.625      0.40425532]
Area, 9.0, Accuracy, [0.33333333 0.52083333 0.52083333 0.42553191]
Area, 10.0, Accuracy, [0.45833333 0.58333333 0.41666667 0.53191489]
Area, 11.0, Accuracy, [0.5625     0.52083333 0.60416667 0.5106383 ]
Area, 12.0, Accuracy, [0.5        0.5        0.41666667 0.36170213]
Area, 13.0, Accuracy, [0.52083333 0.625      0.4375     0.44680851]
Area, 14.0, Accuracy, [0.47916667 0.52083333 0.66666667 0.55319149]
Area, 15.0, Accuracy, [0.45833333 0.54166667 0.60416667 0.44680851]
Area, 16.0, Accuracy, [0.39583333 0.54166667 0.5        0.46808511]
Area, 17.0, Accuracy, [0.54166667 0.60416667 0.72916667 0.53191489]
Area, 18.0, Accuracy, [0.41666667 0.52083333 0.54166667 0.55319149]
Area, 19.0, Accuracy, [0.41666667 0.58333333 0.5625     0.4893617 ]
Area, 20.0, Accuracy, [0.47916667 0.5        0.5625     0.53191489]
Area, 21.0, Accuracy, [0.45833333 0.54166667 0.54166667 0.5106383 ]
Area, 22.0, Accuracy, [0.54166667 0.45833333 0.54166667 0.57446809]
Area, 23.0, Accuracy, [0.52083333 0.39583333 0.41666667 0.46808511]
Area, 24.0, Accuracy, [0.45833333 0.45833333 0.5625     0.57446809]
Area, 25.0, Accuracy, [0.4375     0.58333333 0.54166667 0.4893617 ]
Area, 26.0, Accuracy, [0.47916667 0.45833333 0.54166667 0.55319149]
Area, 27.0, Accuracy, [0.54166667 0.625      0.58333333 0.61702128]
Area, 28.0, Accuracy, [0.60416667 0.64583333 0.5        0.55319149]
Area, 29.0, Accuracy, [0.60416667 0.60416667 0.625      0.61702128]
Area, 30.0, Accuracy, [0.5625     0.60416667 0.625      0.4893617 ]
Area, 31.0, Accuracy, [0.47916667 0.58333333 0.47916667 0.55319149]
Area, 32.0, Accuracy, [0.39583333 0.5625     0.54166667 0.55319149]
Area, 33.0, Accuracy, [0.41666667 0.5625     0.4375     0.5106383 ]
Area, 34.0, Accuracy, [0.47916667 0.52083333 0.58333333 0.5106383 ]
Area, 35.0, Accuracy, [0.39583333 0.45833333 0.52083333 0.5106383 ]
Area, 36.0, Accuracy, [0.47916667 0.47916667 0.58333333 0.53191489]
Area, 37.0, Accuracy, [0.4375     0.52083333 0.4375     0.42553191]
Area, 38.0, Accuracy, [0.4375     0.5625     0.47916667 0.59574468]
Area, 39.0, Accuracy, [0.58333333 0.54166667 0.375      0.53191489]
Area, 40.0, Accuracy, [0.375      0.47916667 0.5625     0.55319149]
Area, 41.0, Accuracy, [0.52083333 0.45833333 0.45833333 0.55319149]
Area, 42.0, Accuracy, [0.47916667 0.52083333 0.52083333 0.42553191]
Area, 43.0, Accuracy, [0.52083333 0.58333333 0.47916667 0.53191489]
Area, 44.0, Accuracy, [0.54166667 0.47916667 0.4375     0.53191489]
Area, 45.0, Accuracy, [0.4375     0.47916667 0.58333333 0.63829787]
Area, 46.0, Accuracy, [0.5        0.45833333 0.52083333 0.59574468]
Area, 47.0, Accuracy, [0.66666667 0.39583333 0.58333333 0.5106383 ]
Area, 48.0, Accuracy, [0.47916667 0.54166667 0.54166667 0.55319149]
Area, 49.0, Accuracy, [0.54166667 0.47916667 0.47916667 0.46808511]
Area, 50.0, Accuracy, [0.4375     0.60416667 0.47916667 0.53191489]
Area, 51.0, Accuracy, [0.5        0.60416667 0.4375     0.59574468]
Area, 52.0, Accuracy, [0.5        0.52083333 0.60416667 0.57446809]
Area, 53.0, Accuracy, [0.4375     0.5625     0.64583333 0.44680851]
Area, 54.0, Accuracy, [0.4375     0.52083333 0.58333333 0.57446809]
Area, 55.0, Accuracy, [0.47916667 0.625      0.58333333 0.57446809]
Area, 56.0, Accuracy, [0.39583333 0.45833333 0.58333333 0.55319149]
Area, 57.0, Accuracy, [0.5625     0.54166667 0.47916667 0.68085106]
Area, 58.0, Accuracy, [0.5        0.47916667 0.5625     0.4893617 ]
Area, 59.0, Accuracy, [0.60416667 0.52083333 0.58333333 0.53191489]
Area, 60.0, Accuracy, [0.39583333 0.47916667 0.375      0.53191489]
Area, 61.0, Accuracy, [0.58333333 0.5        0.54166667 0.59574468]
Area, 62.0, Accuracy, [0.47916667 0.47916667 0.58333333 0.53191489]
Area, 63.0, Accuracy, [0.54166667 0.64583333 0.58333333 0.59574468]
Area, 64.0, Accuracy, [0.41666667 0.625      0.39583333 0.5106383 ]
Area, 65.0, Accuracy, [0.47916667 0.5        0.52083333 0.53191489]
Area, 66.0, Accuracy, [0.58333333 0.5        0.58333333 0.61702128]
Area, 67.0, Accuracy, [0.54166667 0.5625     0.47916667 0.55319149]
Area, 68.0, Accuracy, [0.47916667 0.58333333 0.54166667 0.38297872]
Area, 69.0, Accuracy, [0.5        0.625      0.5        0.53191489]
Area, 70.0, Accuracy, [0.47916667 0.375      0.47916667 0.44680851]
Area, 71.0, Accuracy, [0.375      0.5        0.5        0.46808511]
Area, 72.0, Accuracy, [0.625      0.5625     0.45833333 0.59574468]
Area, 73.0, Accuracy, [0.4375     0.5        0.45833333 0.53191489]
Area, 74.0, Accuracy, [0.45833333 0.5        0.5        0.46808511]
Area, 75.0, Accuracy, [0.375      0.33333333 0.5625     0.53191489]
Area, 76.0, Accuracy, [0.5        0.5        0.52083333 0.55319149]
Area, 77.0, Accuracy, [0.625      0.64583333 0.41666667 0.5106383 ]
Area, 78.0, Accuracy, [0.58333333 0.60416667 0.64583333 0.44680851]
Area, 79.0, Accuracy, [0.47916667 0.5625     0.5        0.55319149]
Area, 80.0, Accuracy, [0.52083333 0.54166667 0.64583333 0.46808511]
Area, 81.0, Accuracy, [0.5625     0.41666667 0.54166667 0.44680851]
Area, 82.0, Accuracy, [0.58333333 0.39583333 0.4375     0.5106383 ]
Area, 83.0, Accuracy, [0.5        0.64583333 0.5        0.4893617 ]
Area, 84.0, Accuracy, [0.54166667 0.52083333 0.58333333 0.55319149]
Area, 85.0, Accuracy, [0.41666667 0.58333333 0.52083333 0.68085106]
Area, 86.0, Accuracy, [0.52083333 0.45833333 0.47916667 0.57446809]
Area, 87.0, Accuracy, [0.52083333 0.4375     0.45833333 0.36170213]
Area, 88.0, Accuracy, [0.5625     0.5        0.5625     0.59574468]
Area, 89.0, Accuracy, [0.54166667 0.58333333 0.4375     0.53191489]
Area, 90.0, Accuracy, [0.58333333 0.64583333 0.45833333 0.46808511]
Area, 91.0, Accuracy, [0.39583333 0.54166667 0.4375     0.5106383 ]
Area, 92.0, Accuracy, [0.4375     0.58333333 0.54166667 0.55319149]
Area, 93.0, Accuracy, [0.54166667 0.625      0.5        0.53191489]
Area, 94.0, Accuracy, [0.54166667 0.60416667 0.4375     0.5106383 ]
Area, 95.0, Accuracy, [0.5625     0.66666667 0.54166667 0.53191489]
Area, 96.0, Accuracy, [0.4375     0.47916667 0.58333333 0.44680851]
Area, 97.0, Accuracy, [0.35416667 0.5625     0.4375     0.53191489]
Area, 98.0, Accuracy, [0.5        0.45833333 0.47916667 0.4893617 ]
Area, 99.0, Accuracy, [0.47916667 0.4375     0.54166667 0.5106383 ]
Area, 100.0, Accuracy, [0.58333333 0.41666667 0.47916667 0.53191489]
Area, 101.0, Accuracy, [0.4375     0.58333333 0.5        0.59574468]
Area, 102.0, Accuracy, [0.58333333 0.54166667 0.47916667 0.40425532]
Area, 103.0, Accuracy, [0.60416667 0.5625     0.66666667 0.57446809]
Area, 104.0, Accuracy, [0.47916667 0.5625     0.47916667 0.46808511]
Area, 105.0, Accuracy, [0.45833333 0.5        0.5        0.65957447]
Area, 106.0, Accuracy, [0.5625     0.58333333 0.47916667 0.44680851]
Area, 107.0, Accuracy, [0.54166667 0.52083333 0.47916667 0.44680851]
Area, 108.0, Accuracy, [0.5625     0.58333333 0.47916667 0.42553191]
Area, 109.0, Accuracy, [0.47916667 0.4375     0.54166667 0.53191489]
Area, 110.0, Accuracy, [0.54166667 0.60416667 0.5        0.40425532]
Area, 111.0, Accuracy, [0.5625     0.375      0.47916667 0.38297872]
Area, 112.0, Accuracy, [0.47916667 0.52083333 0.58333333 0.46808511]
Area, 113.0, Accuracy, [0.47916667 0.54166667 0.52083333 0.4893617 ]
Area, 114.0, Accuracy, [0.5        0.47916667 0.45833333 0.65957447]
Area, 115.0, Accuracy, [0.5        0.47916667 0.375      0.40425532]
Area, 116.0, Accuracy, [0.52083333 0.4375     0.45833333 0.5106383 ]
Area, 117.0, Accuracy, [0.5625     0.52083333 0.375      0.5106383 ]
Area, 118.0, Accuracy, [0.375      0.45833333 0.5625     0.44680851]
Area, 119.0, Accuracy, [0.52083333 0.52083333 0.47916667 0.44680851]
Area, 120.0, Accuracy, [0.5625     0.52083333 0.52083333 0.5106383 ]
Area, 121.0, Accuracy, [0.625      0.58333333 0.54166667 0.5106383 ]
Area, 122.0, Accuracy, [0.47916667 0.4375     0.52083333 0.4893617 ]
Area, 123.0, Accuracy, [0.5        0.5        0.52083333 0.36170213]
Area, 124.0, Accuracy, [0.47916667 0.47916667 0.5625     0.42553191]
Area, 125.0, Accuracy, [0.52083333 0.52083333 0.66666667 0.44680851]
Area, 126.0, Accuracy, [0.54166667 0.58333333 0.54166667 0.5106383 ]
Area, 127.0, Accuracy, [0.54166667 0.54166667 0.60416667 0.4893617 ]
Area, 128.0, Accuracy, [0.5        0.52083333 0.47916667 0.4893617 ]
Area, 129.0, Accuracy, [0.41666667 0.58333333 0.58333333 0.34042553]
Area, 130.0, Accuracy, [0.47916667 0.5        0.54166667 0.42553191]
Area, 131.0, Accuracy, [0.47916667 0.52083333 0.45833333 0.53191489]
Area, 132.0, Accuracy, [0.5        0.60416667 0.5        0.4893617 ]
Area, 133.0, Accuracy, [0.47916667 0.6875     0.54166667 0.57446809]
Area, 134.0, Accuracy, [0.47916667 0.60416667 0.5        0.59574468]
Area, 135.0, Accuracy, [0.47916667 0.52083333 0.52083333 0.63829787]
Area, 136.0, Accuracy, [0.39583333 0.52083333 0.5        0.57446809]
Area, 137.0, Accuracy, [0.47916667 0.625      0.5        0.4893617 ]
Area, 138.0, Accuracy, [0.41666667 0.60416667 0.4375     0.4893617 ]
Area, 139.0, Accuracy, [0.54166667 0.5        0.58333333 0.57446809]
Area, 140.0, Accuracy, [0.52083333 0.58333333 0.60416667 0.5106383 ]
Area, 141.0, Accuracy, [0.4375     0.70833333 0.5625     0.57446809]
Area, 142.0, Accuracy, [0.45833333 0.5        0.4375     0.53191489]
Area, 143.0, Accuracy, [0.5625     0.5625     0.52083333 0.4893617 ]
Area, 144.0, Accuracy, [0.375      0.58333333 0.5625     0.42553191]
Area, 145.0, Accuracy, [0.4375     0.45833333 0.45833333 0.42553191]
Area, 146.0, Accuracy, [0.41666667 0.4375     0.47916667 0.38297872]
Area, 147.0, Accuracy, [0.625      0.60416667 0.52083333 0.42553191]
Area, 148.0, Accuracy, [0.45833333 0.47916667 0.375      0.36170213]
Area, 149.0, Accuracy, [0.5625     0.54166667 0.58333333 0.57446809]
Area, 150.0, Accuracy, [0.52083333 0.58333333 0.47916667 0.36170213]
Area, 151.0, Accuracy, [0.52083333 0.60416667 0.4375     0.5106383 ]
Area, 152.0, Accuracy, [0.45833333 0.45833333 0.5        0.40425532]
Area, 153.0, Accuracy, [0.52083333 0.4375     0.5625     0.40425532]
Area, 154.0, Accuracy, [0.4375     0.35416667 0.52083333 0.46808511]
Area, 155.0, Accuracy, [0.47916667 0.52083333 0.5        0.44680851]
Area, 156.0, Accuracy, [0.41666667 0.5625     0.54166667 0.53191489]
Area, 157.0, Accuracy, [0.4375     0.52083333 0.58333333 0.57446809]
Area, 158.0, Accuracy, [0.5625     0.5        0.35416667 0.65957447]
Area, 159.0, Accuracy, [0.5        0.625      0.47916667 0.5106383 ]
Area, 160.0, Accuracy, [0.54166667 0.54166667 0.41666667 0.4893617 ]
Area, 161.0, Accuracy, [0.45833333 0.5625     0.45833333 0.61702128]
Area, 162.0, Accuracy, [0.41666667 0.3125     0.45833333 0.57446809]
Area, 163.0, Accuracy, [0.52083333 0.5        0.54166667 0.5106383 ]
Area, 164.0, Accuracy, [0.47916667 0.39583333 0.41666667 0.44680851]
Area, 165.0, Accuracy, [0.41666667 0.4375     0.39583333 0.36170213]
Area, 166.0, Accuracy, [0.54166667 0.58333333 0.5625     0.46808511]
Area, 167.0, Accuracy, [0.47916667 0.47916667 0.54166667 0.36170213]
Area, 168.0, Accuracy, [0.5        0.45833333 0.47916667 0.42553191]
Area, 169.0, Accuracy, [0.5        0.4375     0.39583333 0.42553191]
Area, 170.0, Accuracy, [0.47916667 0.35416667 0.375      0.44680851]
Area, 171.0, Accuracy, [0.45833333 0.47916667 0.47916667 0.59574468]
Area, 172.0, Accuracy, [0.5625     0.45833333 0.35416667 0.42553191]
Area, 173.0, Accuracy, [0.58333333 0.54166667 0.47916667 0.53191489]
Area, 174.0, Accuracy, [0.45833333 0.47916667 0.45833333 0.57446809]
Area, 175.0, Accuracy, [0.58333333 0.4375     0.45833333 0.57446809]
Area, 176.0, Accuracy, [0.52083333 0.45833333 0.45833333 0.59574468]
Area, 177.0, Accuracy, [0.39583333 0.5625     0.39583333 0.5106383 ]
Area, 178.0, Accuracy, [0.60416667 0.52083333 0.54166667 0.57446809]
Area, 179.0, Accuracy, [0.5        0.60416667 0.35416667 0.42553191]
Area, 180.0, Accuracy, [0.58333333 0.625      0.52083333 0.57446809]
Area, 181.0, Accuracy, [0.5        0.5625     0.4375     0.55319149]
Area, 182.0, Accuracy, [0.52083333 0.47916667 0.64583333 0.44680851]
Area, 183.0, Accuracy, [0.47916667 0.45833333 0.5        0.4893617 ]
Area, 184.0, Accuracy, [0.52083333 0.47916667 0.52083333 0.5106383 ]
Area, 185.0, Accuracy, [0.66666667 0.52083333 0.52083333 0.70212766]
Area, 186.0, Accuracy, [0.5        0.4375     0.52083333 0.57446809]
Area, 187.0, Accuracy, [0.54166667 0.5625     0.5625     0.44680851]
Area, 188.0, Accuracy, [0.47916667 0.5625     0.41666667 0.4893617 ]
Area, 189.0, Accuracy, [0.5        0.60416667 0.58333333 0.4893617 ]
Area, 190.0, Accuracy, [0.52083333 0.54166667 0.4375     0.42553191]
Area, 191.0, Accuracy, [0.45833333 0.39583333 0.52083333 0.36170213]
Area, 192.0, Accuracy, [0.5625     0.45833333 0.4375     0.40425532]
Area, 193.0, Accuracy, [0.66666667 0.60416667 0.5        0.5106383 ]
Area, 194.0, Accuracy, [0.625      0.47916667 0.39583333 0.44680851]
Area, 195.0, Accuracy, [0.54166667 0.52083333 0.41666667 0.46808511]
Area, 196.0, Accuracy, [0.5625     0.47916667 0.52083333 0.4893617 ]
Area, 197.0, Accuracy, [0.54166667 0.47916667 0.54166667 0.46808511]
Area, 198.0, Accuracy, [0.4375     0.45833333 0.47916667 0.5106383 ]
Area, 199.0, Accuracy, [0.5625     0.6875     0.58333333 0.46808511]
Area, 200.0, Accuracy, [0.60416667 0.5625     0.5        0.53191489]
Area, 201.0, Accuracy, [0.47916667 0.5        0.47916667 0.44680851]
Area, 202.0, Accuracy, [0.35416667 0.47916667 0.33333333 0.38297872]
Area, 203.0, Accuracy, [0.58333333 0.45833333 0.5        0.5106383 ]
Area, 204.0, Accuracy, [0.60416667 0.6875     0.47916667 0.53191489]
Area, 205.0, Accuracy, [0.5625     0.60416667 0.58333333 0.4893617 ]
Area, 206.0, Accuracy, [0.47916667 0.5        0.5        0.61702128]
Area, 207.0, Accuracy, [0.54166667 0.64583333 0.5625     0.63829787]
Area, 208.0, Accuracy, [0.6875    0.5625    0.5       0.5106383]
Area, 209.0, Accuracy, [0.5625     0.54166667 0.47916667 0.57446809]
Area, 210.0, Accuracy, [0.39583333 0.45833333 0.4375     0.53191489]
Area, 211.0, Accuracy, [0.41666667 0.45833333 0.52083333 0.5106383 ]
Area, 212.0, Accuracy, [0.5        0.60416667 0.45833333 0.44680851]
Area, 213.0, Accuracy, [0.4375     0.5625     0.5        0.53191489]
Area, 214.0, Accuracy, [0.4375     0.4375     0.54166667 0.44680851]
Area, 215.0, Accuracy, [0.52083333 0.5        0.5625     0.55319149]
Area, 216.0, Accuracy, [0.5625     0.58333333 0.60416667 0.55319149]
Area, 217.0, Accuracy, [0.39583333 0.52083333 0.4375     0.42553191]
Area, 218.0, Accuracy, [0.5        0.54166667 0.5625     0.36170213]
Area, 219.0, Accuracy, [0.52083333 0.5625     0.54166667 0.65957447]
Area, 220.0, Accuracy, [0.45833333 0.52083333 0.4375     0.53191489]
Area, 221.0, Accuracy, [0.4375     0.47916667 0.58333333 0.53191489]
Area, 222.0, Accuracy, [0.64583333 0.58333333 0.52083333 0.5106383 ]
Area, 223.0, Accuracy, [0.45833333 0.5        0.5625     0.53191489]
Area, 224.0, Accuracy, [0.47916667 0.47916667 0.39583333 0.5106383 ]
Area, 225.0, Accuracy, [0.45833333 0.45833333 0.41666667 0.42553191]
Area, 226.0, Accuracy, [0.60416667 0.58333333 0.39583333 0.4893617 ]
Area, 227.0, Accuracy, [0.54166667 0.5        0.45833333 0.53191489]
Area, 228.0, Accuracy, [0.52083333 0.41666667 0.5625     0.44680851]
Area, 229.0, Accuracy, [0.52083333 0.5        0.5        0.36170213]
Area, 230.0, Accuracy, [0.5625     0.52083333 0.45833333 0.44680851]
Area, 231.0, Accuracy, [0.5        0.45833333 0.47916667 0.5106383 ]
Area, 232.0, Accuracy, [0.64583333 0.54166667 0.72916667 0.55319149]
Area, 233.0, Accuracy, [0.6875     0.5625     0.5625     0.57446809]
Area, 234.0, Accuracy, [0.52083333 0.4375     0.5625     0.44680851]
Area, 235.0, Accuracy, [0.54166667 0.47916667 0.54166667 0.38297872]
Area, 236.0, Accuracy, [0.47916667 0.4375     0.58333333 0.4893617 ]
Area, 237.0, Accuracy, [0.47916667 0.47916667 0.5        0.4893617 ]
Area, 238.0, Accuracy, [0.41666667 0.4375     0.47916667 0.42553191]
Area, 239.0, Accuracy, [0.39583333 0.47916667 0.5        0.38297872]
Area, 240.0, Accuracy, [0.5625     0.58333333 0.58333333 0.31914894]
Area, 241.0, Accuracy, [0.375      0.54166667 0.45833333 0.46808511]
Area, 242.0, Accuracy, [0.54166667 0.5        0.39583333 0.63829787]
Area, 243.0, Accuracy, [0.5        0.5        0.41666667 0.38297872]
Area, 244.0, Accuracy, [0.5625     0.41666667 0.60416667 0.44680851]
Area, 245.0, Accuracy, [0.64583333 0.52083333 0.72916667 0.55319149]
Area, 246.0, Accuracy, [0.45833333 0.52083333 0.47916667 0.40425532]
